4294967294,0
4294967278,132
4294967278,131
4294967278,130
4294967278,129
4294967278,128
4294967278,127
4294967278,126
4294967278,125
4294967278,124
4294967278,123
4294967278,122
4294967278,121
4294967278,120
4294967278,119
4294967278,118
4294967278,117
4294967278,116
4294967278,115
4294967278,114
4294967278,113
4294967278,112
4294967278,111
4294967278,110
4294967278,109
4294967278,108
4294967278,107
4294967278,106
4294967278,105
4294967278,104
4294967278,103
4294967278,102
4294967278,101
4294967278,100
4294967278,99
4294967278,98
4294967278,97
4294967278,96
4294967278,95
4294967278,94
4294967278,93
4294967278,92
4294967278,91
4294967278,90
4294967278,89
4294967278,87
4294967278,86
4294967278,85
4294967278,84
4294967278,83
4294967278,82
4294967278,81
4294967278,80
4294967278,79
4294967278,78
4294967278,77
4294967278,76
4294967278,75
4294967278,74
4294967278,73
4294967278,72
4294967278,71
4294967278,70
4294967278,69
4294967278,68
4294967278,67
4294967278,66
4294967278,65
4294967278,64
4294967278,63
4294967278,62
4294967279,81
4294967279,78
4294967279,75
4294967279,73
4294967279,70
4294967279,67
4294967279,65
4294967279,63
4294967279,61
4294967279,60
4294967279,58
4294967279,56
4294967279,55
4294967279,52
4294967279,50
4294967279,48
4294967279,46
4294967279,45
4294967279,42
4294967279,41
4294967279,40
4294967279,35
4294967279,33
4294967279,31
4294967279,28
4294967279,25
4294967279,21
4294967279,20
4294967279,17
4294967279,16
4294967279,13
4294967279,12
4294967279,9
4294967279,8
4294967279,7
4294967279,6
4294967279,5
4294967279,4
4294967294,7
4294967294,5
0,5
4294967293,131
4294967293,130
4294967293,129
4294967293,128
4294967293,127
4294967293,126
4294967293,125
4294967293,124
4294967293,123
4294967293,122
4294967293,121
4294967293,120
4294967293,119
4294967293,118
4294967293,117
4294967293,116
4294967293,115
4294967293,114
4294967293,113
4294967293,112
4294967293,111
4294967293,110
4294967293,109
4294967293,108
4294967293,107
4294967293,106
4294967293,105
4294967293,104
4294967293,103
4294967293,102
4294967293,101
4294967293,100
4294967293,99
4294967293,98
4294967293,97
4294967293,96
4294967293,95
4294967293,94
4294967293,93
4294967293,92
4294967293,91
4294967293,90
4294967293,89
4294967293,87
4294967293,86
4294967293,85
4294967293,84
4294967293,83
4294967293,82
4294967293,81
4294967293,80
4294967293,79
4294967293,78
4294967293,77
4294967293,76
4294967293,75
4294967293,74
4294967293,73
4294967293,72
4294967293,71
4294967293,70
4294967293,69
4294967293,68
4294967293,67
4294967293,66
4294967293,65
4294967293,64
4294967293,63
4294967293,62
4294967293,61
4294967293,60
4294967293,59
4294967293,58
4294967293,57
4294967293,56
4294967293,55
4294967293,54
4294967293,53
4294967293,52
4294967293,51
4294967293,50
4294967293,49
4294967293,48
4294967293,47
4294967293,46
4294967293,45
4294967293,44
4294967293,43
4294967293,42
4294967293,41
4294967293,40
4294967293,39
4294967293,38
4294967293,37
4294967293,36
4294967293,35
4294967293,34
4294967293,33
4294967293,32
4294967293,31
4294967293,30
4294967293,29
4294967293,28
4294967293,27
4294967293,26
4294967293,25
4294967293,24
4294967293,23
4294967293,22
4294967293,21
4294967293,20
4294967293,19
4294967293,18
4294967293,17
4294967293,16
4294967293,15
4294967293,14
4294967293,13
4294967293,12
4294967293,11
4294967293,10
4294967293,9
4294967293,8
4294967293,7
4294967293,6
4294967293,5
4294967293,4
4294967293,3
4294967278,300
4294967278,442
4294967279,528
4294967279,525
4294967279,360
4294967279,90
4294967279,87
4294967279,86
4294967279,85
4294967279,84
4294967279,530
4294967279,364
4294967279,363
4294967279,368
4294967279,529
4294967279,367
4294967279,543
4294967279,174
4294967279,541
4294967278,318
7485,6
7485,5
4294967279,563
4294967294,163
4294967294,528
4294967279,538
7485,4
7485,3
7485,2
7485,1
4294967279,527
4294967279,217
4294967279,210
7483,6
7483,5
7483,4
7483,3
7483,2
7483,1
4294967278,440
4294967279,522
4294967278,365
4294967279,203
4294967278,315
4294967279,370
4294967278,314
4294967279,228
7480,6
7480,5
7480,4
7480,3
7480,2
7480,1
4294967279,156
4294967279,537
4294967278,162
4294967278,161
7477,8
7477,7
7477,6
7477,5
7477,4
7477,3
7477,2
7477,1
4294967278,313
4294967294,1426
4294967279,355
4294967278,422
4294967279,536
4294967278,148
4294967278,147
4294967278,312
4294967278,277
4294967278,136
4294967279,283
4294967294,1005
4294967294,995
4294967294,997
4294967278,291
4294967278,287
4294967278,274
4294967278,273
4294967278,261
7472,4
7472,3
7472,2
7472,1
4294967294,414
4294967294,404
4294967294,462
4294967294,469
4294967294,458
4294967294,454
4294967278,376
4294967278,430
4294967279,557
4294967279,515
4294967279,513
7471,6
7471,5
7471,4
7471,3
7471,2
7471,1
4294967279,328
4294967279,533
4294967279,317
4294967279,575
4294967279,281
4294967279,227
4294967279,225
4294967279,223
7468,4
4294967279,221
7468,3
7468,2
7468,1
4294967279,219
4294967294,1425
4294967279,552
4294967279,213
4294967279,212
4294967279,211
4294967279,209
4294967279,206
7467,6
4294967279,208
7467,5
7467,4
4294967279,207
7467,3
7467,2
7467,1
4294967279,83
4294967279,202
4294967279,89
4294967279,201
4294967279,234
4294967279,200
4294967279,199
4294967279,198
4294967294,1422
4294967279,191
7464,4
7464,3
7464,2
7464,1
4294967279,2
4294967279,186
4294967279,289
4294967279,331
7463,6
4294967294,1424
4294967278,410
7463,5
7463,4
7463,3
7463,2
7463,1
4294967278,311
7462,5
7462,4
7462,3
7462,2
7462,1
4294967279,173
4294967278,172
4294967279,172
4294967294,1423
7461,6
7461,5
7461,4
7461,3
7461,2
7461,1
4294967278,309
4294967294,412
4294967294,168
4294967294,191
4294967294,468
4294967294,110
4294967294,461
4294967294,409
4294967279,162
7460,6
4294967294,1008
4294967294,170
4294967294,194
4294967294,999
4294967278,308
7460,5
4294967278,156
7460,4
7460,3
7460,2
7460,1
4294967278,229
4294967294,1015
4294967278,225
4294967278,307
7459,7
4294967294,146
4294967278,304
4294967278,142
4294967278,141
7459,6
7459,5
7459,4
7459,3
7459,2
7459,1
4294967279,269
4294967278,135
7458,5
4294967278,134
4294967278,133
7458,4
7458,3
7458,2
